49 41
82 46
68 31
31 31
91 48
42 75
29 93
41 15
57 92
79 81
42 83
69 53
89 15
35 48
51 11
79 18
87 96
16 77
71 3
93 63
8 55
57 68
1 36
77 11
51 39
13 47
68 36
13 82
58 32
31 58
2 59
8 77
38 20
92 92
8 4
92 86
74 58
2 6
35 90
56 41
11 25
20 88
58 12
17 8
66 31
80 27
48 9
90 6
40 3
78 11
36 67
15 25
46 6
25 40
16 85
67 90
73 86
98 94
27 1
73 56
100 71
58 80
23 38
90 98
47 29
53 18
26 67
61 67
63 29
4 39
32 42
91 24
91 54
91 21
51 26
21 100
26 74
25 58
9 68
62 8
17 87
83 56
78 20
24 63
24 33
36 79
39 12
81 83
98 89
69 8
40 85
82 12
69 27
81 54
20 64
72 77
99 55
84 69
68 8
71 8